46 29 1
46 47 1
46 45 1
46 25 1
46 54 5
46 50 3
46 56 1
46 7 2
46 57 1
46 241 1
46 242 1
46 238 1
46 240 1
29 25 4
29 23 1
29 28 4
29 12 1
29 26 1
29 24 9
29 8 1
29 50 1
29 56 1
29 17 6
29 37 1
29 19 2
29 49 3
29 253 1
29 99 1
29 248 1
29 119 1
47 50 1
47 13 1
47 4 1
47 48 3
47 17 1
47 243 1
45 48 4
45 42 2
45 50 3
45 51 6
45 57 1
45 49 3
45 41 5
45 38 5
45 3 1
45 39 3
45 43 1
45 114 1
45 214 1
45 215 1
45 112 1
25 33 1
25 51 1
25 49 2
25 28 5
25 17 15
25 23 7
25 27 1
25 44 3
25 22 4
25 62 2
25 26 2
25 20 1
25 37 4
25 18 1
25 50 3
25 53 5
25 4 1
25 35 5
25 40 1
25 36 2
25 11 1
25 12 1
25 157 1
25 160 1
25 268 1
25 108 1
54 53 1
54 17 1
54 225 1
50 56 1
50 8 1
50 42 1
50 62 1
50 51 5
50 28 1
50 9 1
50 26 2
50 20 1
50 14 1
50 38 2
50 11 1
50 12 1
50 41 1
50 49 1
50 262 1
50 261 1
50 209 1
50 260 1
56 51 1
56 53 2
56 7 1
56 66 1
56 65 1
56 161 1
56 95 1
31 17 2
31 13 1
31 1 1
31 32 1
31 121 1
31 90 1
31 125 1
31 89 1
17 13 11
17 34 17
17 36 2
17 33 6
17 32 2
17 24 2
17 35 2
17 10 2
17 19 3
17 37 65
17 5 1
17 9 1
17 23 2
17 44 1
17 12 2
17 21 2
17 20 1
17 11 1
17 30 6
17 177 1
17 257 1
17 115 1
17 176 1
13 34 1
13 33 5
13 32 4
13 24 1
13 36 2
13 131 1
13 132 1
13 72 1
13 251 1
1 3 1
1 10 1
1 15 1
1 154 1
1 155 1
1 271 1
1 228 1
48 4 3
48 51 1
48 40 1
48 38 1
48 41 1
48 42 1
48 244 1
48 267 1
48 245 1
48 242 1
4 27 1
4 5 2
4 6 2
4 28 1
4 3 1
4 44 1
4 24 1
4 23 1
4 14 1
4 40 1
4 37 1
4 20 2
4 11 1
4 30 1
4 270 1
4 226 1
4 175 1
4 227 1
8 36 3
8 7 2
8 6 4
8 117 1
8 169 1
36 34 2
36 32 4
36 37 9
36 3 2
36 27 2
36 252 1
36 188 1
36 128 1
36 199 1
27 22 1
27 28 2
27 37 1
27 34 1
27 217 1
27 218 1
27 249 1
27 216 1
22 34 1
22 28 6
22 44 3
22 26 1
22 40 1
22 6 1
22 49 3
22 23 1
22 24 1
22 76 1
22 77 1
22 78 1
28 23 4
28 60 1
28 40 13
28 19 1
28 24 1
28 16 1
28 35 1
28 37 2
28 223 1
28 224 1
28 237 1
28 222 1
37 34 1
37 26 1
37 3 1
37 258 1
37 81 1
37 198 1
37 166 1
3 38 1
3 41 1
3 5 1
3 14 1
3 20 1
3 189 1
3 250 1
3 211 1
3 190 1
64 59 1
64 278 1
64 73 1
64 101 1
59 35 2
59 63 3
59 183 1
59 68 1
59 70 1
59 127 1
34 32 1
34 191 1
34 193 1
34 192 1
34 273 1
63 7 5
63 6 1
63 277 1
63 74 1
63 73 1
63 256 1
7 52 1
7 57 1
7 6 4
7 9 2
7 42 1
7 116 1
7 165 1
7 66 1
7 69 1
0 52 1
0 53 1
0 85 1
0 86 1
0 84 1
0 87 1
52 55 1
52 144 1
52 145 1
52 118 1
52 79 1
42 38 3
42 20 1
42 51 1
42 40 3
42 10 1
42 41 1
42 49 1
42 264 1
42 220 1
42 221 1
38 51 2
38 43 2
38 41 22
38 10 1
38 39 1
38 40 1
38 53 2
38 9 3
38 100 1
38 133 1
38 272 1
38 152 1
20 10 24
20 12 3
20 19 11
20 16 8
20 18 4
20 21 1
20 14 4
20 11 1
20 23 1
20 53 2
20 219 1
20 137 1
20 280 1
20 126 1
10 6 1
10 16 3
10 18 1
10 14 1
10 19 2
10 15 1
10 194 1
10 195 1
10 82 1
10 83 1
6 71 1
6 168 1
6 167 1
6 109 1
16 21 2
16 18 1
16 44 1
16 24 1
16 23 1
16 151 1
16 149 1
16 150 1
16 80 1
9 39 1
9 51 1
9 61 1
9 55 1
9 229 1
9 232 1
9 231 1
9 163 1
39 43 4
39 41 18
39 171 1
39 103 1
39 162 1
39 276 1
51 43 1
51 19 2
51 12 1
51 263 1
51 208 1
51 210 1
51 266 1
57 61 1
57 62 1
57 170 1
57 102 1
57 159 1
57 259 1
41 43 13
41 40 1
41 49 1
41 156 1
41 105 1
41 75 1
41 129 1
5 67 1
5 138 1
5 147 1
5 98 1
33 181 1
33 140 1
33 182 1
33 236 1
49 44 1
49 35 1
49 11 1
49 40 1
49 148 1
49 242 1
49 246 1
49 94 1
23 18 1
23 24 2
23 35 1
23 40 1
23 173 1
23 230 1
23 110 1
23 111 1
44 26 1
44 91 1
44 262 1
44 141 1
44 172 1
62 60 1
62 26 1
62 254 1
62 255 1
26 213 1
18 21 1
18 12 1
18 14 1
18 19 3
18 11 1
18 178 1
18 180 1
18 179 1
43 30 1
43 14 2
43 265 1
43 263 1
43 88 1
43 205 1
19 12 12
19 11 4
19 15 2
19 206 1
19 107 1
19 204 1
19 207 1
53 186 1
53 187 1
32 124 1
32 123 1
32 130 1
32 122 1
30 35 1
30 120 1
30 200 1
30 279 1
14 136 1
12 35 1
12 21 1
12 11 2
12 15 1
12 107 1
12 106 1
12 153 1
35 239 1
35 212 1
35 174 1
35 269 1
61 235 1
61 158 1
61 233 1
21 247 1
21 135 1
60 184 1
60 185 1
60 254 1
40 203 1
40 201 1
40 92 1
40 202 1
24 146 1
24 96 1
24 97 1
24 139 1
11 104 1
11 93 1
11 134 1
15 142 1
15 196 1
15 197 1
15 143 1
55 234 1
55 274 1
55 275 1
55 220 1
2 164 1
2 2 0
58 113 1
58 58 0
